# X (m), P (Pa)
3.8058166e-01 9.7114443e+04
3.7849714e-01 9.7087911e+04
3.7642778e-01 9.7017513e+04
3.7437346e-01 9.6933694e+04
3.7233409e-01 9.6853015e+04
3.7030955e-01 9.6771704e+04
3.6829973e-01 9.6690380e+04
3.6630453e-01 9.6608759e+04
3.6432384e-01 9.6526802e+04
3.6235755e-01 9.6444435e+04
3.6040555e-01 9.6361599e+04
3.5846775e-01 9.6278239e+04
3.5654404e-01 9.6194309e+04
3.5463432e-01 9.6109767e+04
3.5273848e-01 9.6024574e+04
3.5085642e-01 9.5938698e+04
3.4898805e-01 9.5852110e+04
3.4713326e-01 9.5764786e+04
3.4529195e-01 9.5676704e+04
3.4346402e-01 9.5587846e+04
3.4164939e-01 9.5498197e+04
3.3984794e-01 9.5407743e+04
3.3805959e-01 9.5316475e+04
3.3628424e-01 9.5224386e+04
3.3452179e-01 9.5131468e+04
3.3277215e-01 9.5037720e+04
3.3103522e-01 9.4943138e+04
3.2931092e-01 9.4847724e+04
3.2759915e-01 9.4751479e+04
3.2589981e-01 9.4654407e+04
3.2421283e-01 9.4556514e+04
3.2253810e-01 9.4457806e+04
3.2087554e-01 9.4358292e+04
3.1922506e-01 9.4257982e+04
3.1758657e-01 9.4156886e+04
3.1595998e-01 9.4055018e+04
3.1434521e-01 9.3952391e+04
3.1274217e-01 9.3849021e+04
3.1115077e-01 9.3744924e+04
3.0957094e-01 9.3640116e+04
3.0800258e-01 9.3534617e+04
3.0644561e-01 9.3428446e+04
3.0489994e-01 9.3321624e+04
3.0336550e-01 9.3214172e+04
3.0184221e-01 9.3106112e+04
3.0032997e-01 9.2997467e+04
2.9882872e-01 9.2888261e+04
2.9733837e-01 9.2778519e+04
2.9585883e-01 9.2668266e+04
2.9439004e-01 9.2557527e+04
2.9293191e-01 9.2446330e+04
2.9148437e-01 9.2334701e+04
2.9004733e-01 9.2222667e+04
2.8862073e-01 9.2110257e+04
2.8720448e-01 9.1997497e+04
2.8579850e-01 9.1884416e+04
2.8440273e-01 9.1771043e+04
2.8301709e-01 9.1657405e+04
2.8164151e-01 9.1543533e+04
2.8027590e-01 9.1429453e+04
2.7892021e-01 9.1315195e+04
2.7757434e-01 9.1200788e+04
2.7623825e-01 9.1086259e+04
2.7491184e-01 9.0971637e+04
2.7359506e-01 9.0856950e+04
2.7228782e-01 9.0742225e+04
2.7099007e-01 9.0627490e+04
2.6970173e-01 9.0512772e+04
2.6842273e-01 9.0398097e+04
2.6715301e-01 9.0283491e+04
2.6589249e-01 9.0168981e+04
2.6464111e-01 9.0054592e+04
2.6339880e-01 8.9940347e+04
2.6216550e-01 8.9826272e+04
2.6094114e-01 8.9712390e+04
2.5972565e-01 8.9598725e+04
2.5851897e-01 8.9485298e+04
2.5732104e-01 8.9372131e+04
2.5613179e-01 8.9259246e+04
2.5495115e-01 8.9146663e+04
2.5377907e-01 8.9034402e+04
2.5261548e-01 8.8922483e+04
2.5146031e-01 8.8810924e+04
2.5031352e-01 8.8699742e+04
2.4917503e-01 8.8588956e+04
2.4804478e-01 8.8478581e+04
2.4692272e-01 8.8368633e+04
2.4580879e-01 8.8259129e+04
2.4470291e-01 8.8150082e+04
2.4360505e-01 8.8041506e+04
2.4251513e-01 8.7933415e+04
2.4143310e-01 8.7825822e+04
2.4035890e-01 8.7718737e+04
2.3929248e-01 8.7612174e+04
2.3823377e-01 8.7506142e+04
2.3718272e-01 8.7400653e+04
2.3613927e-01 8.7295715e+04
2.3510337e-01 8.7191338e+04
2.3407497e-01 8.7087530e+04
2.3305400e-01 8.6984301e+04
2.3204041e-01 8.6881656e+04
2.3103416e-01 8.6779605e+04
2.3003517e-01 8.6678152e+04
2.2904341e-01 8.6577305e+04
2.2805882e-01 8.6477069e+04
2.2708134e-01 8.6377450e+04
2.2611093e-01 8.6278453e+04
2.2514753e-01 8.6180083e+04
2.2419109e-01 8.6082344e+04
2.2324155e-01 8.5985239e+04
2.2229888e-01 8.5888773e+04
2.2136301e-01 8.5792949e+04
2.2043390e-01 8.5697771e+04
2.1951150e-01 8.5603240e+04
2.1859575e-01 8.5509360e+04
2.1768662e-01 8.5416133e+04
2.1678405e-01 8.5323562e+04
2.1588799e-01 8.5231648e+04
2.1499839e-01 8.5140394e+04
2.1411521e-01 8.5049800e+04
2.1323840e-01 8.4959869e+04
2.1236792e-01 8.4870602e+04
2.1150371e-01 8.4782000e+04
2.1064573e-01 8.4694065e+04
2.0979394e-01 8.4606798e+04
2.0894828e-01 8.4520199e+04
2.0810872e-01 8.4434270e+04
2.0727521e-01 8.4349012e+04
2.0644770e-01 8.4264426e+04
2.0562615e-01 8.4180512e+04
2.0481052e-01 8.4097271e+04
2.0400076e-01 8.4014705e+04
2.0319683e-01 8.3932813e+04
2.0239868e-01 8.3851598e+04
2.0160628e-01 8.3771059e+04
2.0081958e-01 8.3691198e+04
2.0003854e-01 8.3612016e+04
1.9926311e-01 8.3533513e+04
1.9849327e-01 8.3455691e+04
1.9772895e-01 8.3378550e+04
1.9697013e-01 8.3302092e+04
1.9621676e-01 8.3226317e+04
1.9546881e-01 8.3151228e+04
1.9472623e-01 8.3076824e+04
1.9398898e-01 8.3003108e+04
1.9325702e-01 8.2930081e+04
1.9253032e-01 8.2857743e+04
1.9180884e-01 8.2786097e+04
1.9109253e-01 8.2715143e+04
1.9038136e-01 8.2644884e+04
1.8967529e-01 8.2575321e+04
1.8897429e-01 8.2506455e+04
1.8827831e-01 8.2438289e+04
1.8758732e-01 8.2370823e+04
1.8690128e-01 8.2304060e+04
1.8622015e-01 8.2238002e+04
1.8554391e-01 8.2172649e+04
1.8487250e-01 8.2108005e+04
1.8420590e-01 8.2044070e+04
1.8354407e-01 8.1980847e+04
1.8288698e-01 8.1918337e+04
1.8223459e-01 8.1856543e+04
1.8158686e-01 8.1795466e+04
1.8094376e-01 8.1735109e+04
1.8030526e-01 8.1675472e+04
1.7967132e-01 8.1616558e+04
1.7904191e-01 8.1558369e+04
1.7841699e-01 8.1500906e+04
1.7779653e-01 8.1444171e+04
1.7718050e-01 8.1388166e+04
1.7656887e-01 8.1332891e+04
1.7596160e-01 8.1278350e+04
1.7535866e-01 8.1224542e+04
1.7476001e-01 8.1171470e+04
1.7416563e-01 8.1119134e+04
1.7357549e-01 8.1067536e+04
1.7298954e-01 8.1016676e+04
1.7240777e-01 8.0966555e+04
1.7183014e-01 8.0917173e+04
1.7125661e-01 8.0868532e+04
1.7068716e-01 8.0820631e+04
1.7012176e-01 8.0773469e+04
1.6956038e-01 8.0727048e+04
1.6900299e-01 8.0681366e+04
1.6844955e-01 8.0636422e+04
1.6790004e-01 8.0592216e+04
1.6735443e-01 8.0548746e+04
1.6681269e-01 8.0506011e+04
1.6627479e-01 8.0464008e+04
1.6574070e-01 8.0422736e+04
1.6521039e-01 8.0382191e+04
1.6468384e-01 8.0342371e+04
1.6416101e-01 8.0303273e+04
1.6364189e-01 8.0264892e+04
1.6312643e-01 8.0227224e+04
1.6261462e-01 8.0190264e+04
1.6210642e-01 8.0154009e+04
1.6160181e-01 8.0118450e+04
1.6110076e-01 8.0083584e+04
1.6060325e-01 8.0049402e+04
1.6010925e-01 8.0015898e+04
1.5961873e-01 7.9983064e+04
1.5913166e-01 7.9950891e+04
1.5864803e-01 7.9919371e+04
1.5816779e-01 7.9888495e+04
1.5769094e-01 7.9858250e+04
1.5721744e-01 7.9828628e+04
1.5674726e-01 7.9799616e+04
1.5628039e-01 7.9771202e+04
1.5581679e-01 7.9743373e+04
1.5535645e-01 7.9716115e+04
1.5489934e-01 7.9689414e+04
1.5444542e-01 7.9663254e+04
1.5399469e-01 7.9637620e+04
1.5354711e-01 7.9612494e+04
1.5310266e-01 7.9587858e+04
1.5266132e-01 7.9563695e+04
1.5222307e-01 7.9539984e+04
1.5178787e-01 7.9516705e+04
1.5135571e-01 7.9493837e+04
1.5092656e-01 7.9471358e+04
1.5050041e-01 7.9449244e+04
1.5007722e-01 7.9427472e+04
1.4965698e-01 7.9406016e+04
1.4923966e-01 7.9384850e+04
1.4882524e-01 7.9363947e+04
1.4841370e-01 7.9343280e+04
1.4800502e-01 7.9322819e+04
1.4759917e-01 7.9302533e+04
1.4719614e-01 7.9282393e+04
1.4679589e-01 7.9262366e+04
1.4639842e-01 7.9242419e+04
1.4600369e-01 7.9222517e+04
1.4561169e-01 7.9202626e+04
1.4522240e-01 7.9182709e+04
1.4483580e-01 7.9162729e+04
1.4445185e-01 7.9142648e+04
1.4407056e-01 7.9122426e+04
1.4369189e-01 7.9102023e+04
1.4331582e-01 7.9081398e+04
1.4294233e-01 7.9060508e+04
1.4257141e-01 7.9039311e+04
1.4220304e-01 7.9017762e+04
1.4183718e-01 7.8995816e+04
1.4147384e-01 7.8973426e+04
1.4111297e-01 7.8950547e+04
1.4075458e-01 7.8927130e+04
1.4039863e-01 7.8903127e+04
1.4004511e-01 7.8878489e+04
1.3969399e-01 7.8853165e+04
1.3934527e-01 7.8827105e+04
1.3899892e-01 7.8800257e+04
1.3865492e-01 7.8772570e+04
1.3831326e-01 7.8743990e+04
1.3797391e-01 7.8714466e+04
1.3763686e-01 7.8683943e+04
1.3730209e-01 7.8652367e+04
1.3696958e-01 7.8619685e+04
1.3663932e-01 7.8585842e+04
1.3631129e-01 7.8550784e+04
1.3598546e-01 7.8514456e+04
1.3566182e-01 7.8476803e+04
1.3534036e-01 7.8437771e+04
1.3502106e-01 7.8397305e+04
1.3470390e-01 7.8355353e+04
1.3438886e-01 7.8311859e+04
1.3407593e-01 7.8266773e+04
1.3376508e-01 7.8220041e+04
1.3345631e-01 7.8171615e+04
1.3314960e-01 7.8121447e+04
1.3284492e-01 7.8069492e+04
1.3254227e-01 7.8015708e+04
1.3224163e-01 7.7960057e+04
1.3194298e-01 7.7902503e+04
1.3164631e-01 7.7843005e+04
1.3135159e-01 7.7781520e+04
1.3105882e-01 7.7717999e+04
1.3076798e-01 7.7652391e+04
1.3047905e-01 7.7584645e+04
1.3019202e-01 7.7514713e+04
1.2990686e-01 7.7442551e+04
1.2962358e-01 7.7368119e+04
1.2934215e-01 7.7291378e+04
1.2906255e-01 7.7212295e+04
1.2878478e-01 7.7130838e+04
1.2850881e-01 7.7046977e+04
1.2823463e-01 7.6960685e+04
1.2796224e-01 7.6871936e+04
1.2769160e-01 7.6780708e+04
1.2742271e-01 7.6686982e+04
1.2715556e-01 7.6590739e+04
1.2689013e-01 7.6491966e+04
1.2662640e-01 7.6390651e+04
1.2636436e-01 7.6286786e+04
1.2610400e-01 7.6180364e+04
1.2584530e-01 7.6071384e+04
1.2558826e-01 7.5959845e+04
1.2533285e-01 7.5845752e+04
1.2507906e-01 7.5729108e+04
1.2482688e-01 7.5609920e+04
1.2457629e-01 7.5488193e+04
1.2432729e-01 7.5363930e+04
1.2407985e-01 7.5237139e+04
1.2383397e-01 7.5107847e+04
1.2358963e-01 7.4976123e+04
1.2334682e-01 7.4842127e+04
1.2310553e-01 7.4705972e+04
1.2286574e-01 7.4567618e+04
1.2262744e-01 7.4427047e+04
1.2239062e-01 7.4284292e+04
1.2215526e-01 7.4139372e+04
1.2192135e-01 7.3992332e+04
1.2168889e-01 7.3843233e+04
1.2145785e-01 7.3692141e+04
1.2122822e-01 7.3539121e+04
1.2100000e-01 7.3384240e+04
1.2077317e-01 7.3227574e+04
1.2054772e-01 7.3069210e+04
1.2032363e-01 7.2909235e+04
1.2010090e-01 7.2747735e+04
1.1987951e-01 7.2584799e+04
1.1965945e-01 7.2420512e+04
1.1944071e-01 7.2254963e+04
1.1922327e-01 7.2088239e+04
1.1900714e-01 7.1920432e+04
1.1879228e-01 7.1751641e+04
1.1857870e-01 7.1581977e+04
1.1836638e-01 7.1411548e+04
1.1815531e-01 7.1240457e+04
1.1794547e-01 7.1068803e+04
1.1773687e-01 7.0896686e+04
1.1752948e-01 7.0724207e+04
1.1732329e-01 7.0551464e+04
1.1711830e-01 7.0378550e+04
1.1691449e-01 7.0205556e+04
1.1671185e-01 7.0032563e+04
1.1651038e-01 6.9859644e+04
1.1631005e-01 6.9686859e+04
1.1611087e-01 6.9514257e+04
1.1591281e-01 6.9341869e+04
1.1571587e-01 6.9169709e+04
1.1552004e-01 6.8997794e+04
1.1532531e-01 6.8826031e+04
1.1513166e-01 6.8654324e+04
1.1493909e-01 6.8482620e+04
1.1474759e-01 6.8310738e+04
1.1455714e-01 6.8138446e+04
1.1436774e-01 6.7965445e+04
1.1417937e-01 6.7791334e+04
1.1399203e-01 6.7615616e+04
1.1380571e-01 6.7437677e+04
1.1362039e-01 6.7256791e+04
1.1343606e-01 6.7072124e+04
1.1325273e-01 6.6882715e+04
1.1307036e-01 6.6687432e+04
1.1288897e-01 6.6485006e+04
1.1270853e-01 6.6274113e+04
1.1252904e-01 6.6053334e+04
1.1235049e-01 6.5821117e+04
1.1217286e-01 6.5575896e+04
1.1199615e-01 6.5315988e+04
1.1182035e-01 6.5039505e+04
1.1164546e-01 6.4744728e+04
1.1147145e-01 6.4430189e+04
1.1129832e-01 6.4094327e+04
1.1112606e-01 6.3735370e+04
1.1095467e-01 6.3351257e+04
1.1078413e-01 6.2939668e+04
1.1061443e-01 6.2498218e+04
1.1044557e-01 6.2024522e+04
1.1027753e-01 6.1516187e+04
1.1011031e-01 6.0970814e+04
1.0994390e-01 6.0386018e+04
1.0977829e-01 5.9759521e+04
1.0961347e-01 5.9089239e+04
1.0944943e-01 5.8373417e+04
1.0928616e-01 5.7610811e+04
1.0912366e-01 5.6800931e+04
1.0896191e-01 5.5944319e+04
1.0880091e-01 5.5042848e+04
1.0864065e-01 5.4100144e+04
1.0848111e-01 5.3122184e+04
1.0832230e-01 5.2118006e+04
1.0816420e-01 5.1100334e+04
1.0800680e-01 5.0085938e+04
1.0785010e-01 4.9095427e+04
1.0769409e-01 4.8152121e+04
1.0753876e-01 4.7279792e+04
1.0738409e-01 4.6499466e+04
1.0723009e-01 4.5826114e+04
1.0707674e-01 4.5266374e+04
1.0692404e-01 4.4818160e+04
1.0677198e-01 4.4472186e+04
1.0662054e-01 4.4214617e+04
1.0646973e-01 4.4029868e+04
1.0631953e-01 4.3902794e+04
1.0616993e-01 4.3819979e+04
1.0602094e-01 4.3770572e+04
1.0587253e-01 4.3745109e+04
1.0572470e-01 4.3737040e+04
1.0557745e-01 4.3742844e+04
1.0543076e-01 4.3757578e+04
1.0528463e-01 4.3778199e+04
1.0513905e-01 4.3803702e+04
1.0499401e-01 4.3832424e+04
1.0484951e-01 4.3863427e+04
1.0470554e-01 4.3896014e+04
1.0456208e-01 4.3929699e+04
1.0441913e-01 4.3964138e+04
1.0427669e-01 4.3999086e+04
1.0413474e-01 4.4034369e+04
1.0399329e-01 4.4069864e+04
1.0385231e-01 4.4105484e+04
1.0371181e-01 4.4141166e+04
1.0357177e-01 4.4176868e+04
1.0343219e-01 4.4212557e+04
1.0329306e-01 4.4248212e+04
1.0315438e-01 4.4283819e+04
1.0301613e-01 4.4319366e+04
1.0287831e-01 4.4354846e+04
1.0274091e-01 4.4390255e+04
1.0260393e-01 4.4425590e+04
1.0246735e-01 4.4460849e+04
1.0233117e-01 4.4496032e+04
1.0219539e-01 4.4531138e+04
1.0205998e-01 4.4566168e+04
1.0192496e-01 4.4601122e+04
1.0179031e-01 4.4636002e+04
1.0165602e-01 4.4670809e+04
1.0152208e-01 4.4705544e+04
1.0138850e-01 4.4740208e+04
1.0125525e-01 4.4774803e+04
1.0112234e-01 4.4809331e+04
1.0098976e-01 4.4843792e+04
1.0085750e-01 4.4878189e+04
1.0072555e-01 4.4912524e+04
1.0059391e-01 4.4946797e+04
1.0046256e-01 4.4981011e+04
1.0033151e-01 4.5015167e+04
1.0020075e-01 4.5049267e+04
1.0007026e-01 4.5083313e+04
9.9940041e-02 4.5117305e+04
9.9810089e-02 4.5151247e+04
9.9680393e-02 4.5185139e+04
9.9550948e-02 4.5218983e+04
9.9421747e-02 4.5252781e+04
9.9292781e-02 4.5286534e+04
9.9164046e-02 4.5320245e+04
9.9035532e-02 4.5353915e+04
9.8907235e-02 4.5387545e+04
9.8779147e-02 4.5421138e+04
9.8651261e-02 4.5454694e+04
9.8523570e-02 4.5488217e+04
9.8396067e-02 4.5521707e+04
9.8268746e-02 4.5555165e+04
9.8141600e-02 4.5588595e+04
9.8014622e-02 4.5621997e+04
9.7887805e-02 4.5655373e+04
9.7761143e-02 4.5688725e+04
9.7634628e-02 4.5722055e+04
9.7508254e-02 4.5755364e+04
9.7382015e-02 4.5788654e+04
9.7255902e-02 4.5821927e+04
9.7129911e-02 4.5855184e+04
9.7004033e-02 4.5888427e+04
9.6878262e-02 4.5921659e+04
9.6752592e-02 4.5954879e+04
9.6627016e-02 4.5988091e+04
9.6501526e-02 4.6021296e+04
9.6376117e-02 4.6054496e+04
9.6250781e-02 4.6087693e+04
9.6125513e-02 4.6120887e+04
9.6000304e-02 4.6154081e+04
9.5875149e-02 4.6187278e+04
9.5750041e-02 4.6220477e+04
9.5624973e-02 4.6253682e+04
9.5499938e-02 4.6286894e+04
9.5374930e-02 4.6320114e+04
9.5249942e-02 4.6353343e+04
9.5125000e-02 4.6386583e+04
9.5000000e-02 4.6419844e+04
9.4875000e-02 4.6453121e+04
9.4750060e-02 4.6486408e+04
9.4625078e-02 4.6519714e+04
9.4500080e-02 4.6553041e+04
9.4375064e-02 4.6586389e+04
9.4250022e-02 4.6619759e+04
9.4124951e-02 4.6653153e+04
9.3999846e-02 4.6686572e+04
9.3874701e-02 4.6720017e+04
9.3749512e-02 4.6753489e+04
9.3624273e-02 4.6786990e+04
9.3498980e-02 4.6820521e+04
9.3373629e-02 4.6854084e+04
9.3248213e-02 4.6887679e+04
9.3122728e-02 4.6921309e+04
9.2997169e-02 4.6954974e+04
9.2871531e-02 4.6988675e+04
9.2745809e-02 4.7022415e+04
9.2619999e-02 4.7056194e+04
9.2494095e-02 4.7090014e+04
9.2368092e-02 4.7123876e+04
9.2241985e-02 4.7157782e+04
9.2115769e-02 4.7191733e+04
9.1989440e-02 4.7225729e+04
9.1862993e-02 4.7259774e+04
9.1736422e-02 4.7293867e+04
9.1609722e-02 4.7328011e+04
9.1482889e-02 4.7362206e+04
9.1355917e-02 4.7396455e+04
9.1228801e-02 4.7430758e+04
9.1101537e-02 4.7465117e+04
9.0974119e-02 4.7499533e+04
9.0846543e-02 4.7534007e+04
9.0718803e-02 4.7568542e+04
9.0590894e-02 4.7603139e+04
9.0462812e-02 4.7637798e+04
9.0334551e-02 4.7672521e+04
9.0206106e-02 4.7707310e+04
9.0077472e-02 4.7742166e+04
8.9948644e-02 4.7777091e+04
8.9819617e-02 4.7812085e+04
8.9690386e-02 4.7847151e+04
8.9560946e-02 4.7882290e+04
8.9431292e-02 4.7917503e+04
8.9301418e-02 4.7952792e+04
8.9171320e-02 4.7988158e+04
8.9040992e-02 4.8023602e+04
8.8910429e-02 4.8059127e+04
8.8779626e-02 4.8094733e+04
8.8648578e-02 4.8130422e+04
8.8517280e-02 4.8166195e+04
8.8385727e-02 4.8202055e+04
8.8253913e-02 4.8238001e+04
8.8121833e-02 4.8274037e+04
8.7989482e-02 4.8310163e+04
8.7856855e-02 4.8346381e+04
8.7723947e-02 4.8382693e+04
8.7590751e-02 4.8419099e+04
8.7457264e-02 4.8455601e+04
8.7323480e-02 4.8492202e+04
8.7189393e-02 4.8528902e+04
8.7054999e-02 4.8565703e+04
8.6920291e-02 4.8602607e+04
8.6785265e-02 4.8639614e+04
8.6649916e-02 4.8676727e+04
8.6514237e-02 4.8713947e+04
8.6378224e-02 4.8751276e+04
8.6241872e-02 4.8788716e+04
8.6105174e-02 4.8826267e+04
8.5968126e-02 4.8863931e+04
8.5830722e-02 4.8901710e+04
8.5692957e-02 4.8939606e+04
8.5554825e-02 4.8977621e+04
8.5416321e-02 4.9015754e+04
8.5277439e-02 4.9054010e+04
8.5138174e-02 4.9092388e+04
8.4998521e-02 4.9130890e+04
8.4858474e-02 4.9169519e+04
8.4718027e-02 4.9208276e+04
8.4577175e-02 4.9247162e+04
8.4435912e-02 4.9286180e+04
8.4294233e-02 4.9325330e+04
8.4152133e-02 4.9364614e+04
8.4009604e-02 4.9404035e+04
8.3866643e-02 4.9443593e+04
8.3723244e-02 4.9483291e+04
8.3579399e-02 4.9523130e+04
8.3435105e-02 4.9563111e+04
8.3290356e-02 4.9603237e+04
8.3145144e-02 4.9643509e+04
8.2999466e-02 4.9683930e+04
8.2853315e-02 4.9724499e+04
8.2706686e-02 4.9765221e+04
8.2559572e-02 4.9806095e+04
8.2411968e-02 4.9847124e+04
8.2263868e-02 4.9888309e+04
8.2115266e-02 4.9929653e+04
8.1966156e-02 4.9971157e+04
8.1816533e-02 5.0012823e+04
8.1666391e-02 5.0054653e+04
8.1515723e-02 5.0096648e+04
8.1364524e-02 5.0138810e+04
8.1212787e-02 5.0181141e+04
8.1060508e-02 5.0223643e+04
8.0907679e-02 5.0266318e+04
8.0754295e-02 5.0309167e+04
8.0600350e-02 5.0352192e+04
8.0445837e-02 5.0395396e+04
8.0290751e-02 5.0438780e+04
8.0135085e-02 5.0482345e+04
7.9978834e-02 5.0526094e+04
7.9821991e-02 5.0570029e+04
7.9664549e-02 5.0614152e+04
7.9506504e-02 5.0658464e+04
7.9347848e-02 5.0702967e+04
7.9188576e-02 5.0747663e+04
7.9028680e-02 5.0792555e+04
7.8868155e-02 5.0837643e+04
7.8706995e-02 5.0882931e+04
7.8545193e-02 5.0928419e+04
7.8382742e-02 5.0974111e+04
7.8219637e-02 5.1020007e+04
7.8055870e-02 5.1066110e+04
7.7891436e-02 5.1112422e+04
7.7726328e-02 5.1158945e+04
7.7560539e-02 5.1205681e+04
7.7394063e-02 5.1252631e+04
7.7226894e-02 5.1299799e+04
7.7059024e-02 5.1347185e+04
7.6890447e-02 5.1394792e+04
7.6721157e-02 5.1442623e+04
7.6551147e-02 5.1490679e+04
7.6380409e-02 5.1538961e+04
7.6208938e-02 5.1587474e+04
7.6036727e-02 5.1636218e+04
7.5863769e-02 5.1685195e+04
7.5690056e-02 5.1734408e+04
7.5515583e-02 5.1783859e+04
7.5340342e-02 5.1833550e+04
7.5164327e-02 5.1883483e+04
7.4987530e-02 5.1933661e+04
7.4809944e-02 5.1984084e+04
7.4631563e-02 5.2034756e+04
7.4452380e-02 5.2085679e+04
7.4272387e-02 5.2136853e+04
7.4091577e-02 5.2188282e+04
7.3909943e-02 5.2239968e+04
7.3727479e-02 5.2291911e+04
7.3544176e-02 5.2344115e+04
7.3360028e-02 5.2396581e+04
7.3175028e-02 5.2449311e+04
7.2989167e-02 5.2502308e+04
7.2802439e-02 5.2555574e+04
7.2614837e-02 5.2609111e+04
7.2426353e-02 5.2662921e+04
7.2236979e-02 5.2717008e+04
7.2046708e-02 5.2771375e+04
7.1855533e-02 5.2826026e+04
7.1663447e-02 5.2880964e+04
7.1470440e-02 5.2936193e+04
7.1276507e-02 5.2991718e+04
7.1081639e-02 5.3047544e+04
7.0885828e-02 5.3103677e+04
7.0689068e-02 5.3160122e+04
7.0491349e-02 5.3216885e+04
7.0292665e-02 5.3273972e+04
7.0093008e-02 5.3331390e+04
6.9892369e-02 5.3389144e+04
6.9690741e-02 5.3447241e+04
6.9488116e-02 5.3505687e+04
6.9284485e-02 5.3564487e+04
6.9079841e-02 5.3623646e+04
6.8874177e-02 5.3683169e+04
6.8667482e-02 5.3743059e+04
6.8459750e-02 5.3803318e+04
6.8250973e-02 5.3863950e+04
6.8041142e-02 5.3924955e+04
6.7830248e-02 5.3986334e+04
6.7618284e-02 5.4048085e+04
6.7405241e-02 5.4110207e+04
6.7191111e-02 5.4172699e+04
6.6975885e-02 5.4235557e+04
6.6759555e-02 5.4298777e+04
6.6542113e-02 5.4362356e+04
6.6323549e-02 5.4426290e+04
6.6103855e-02 5.4490575e+04
6.5883023e-02 5.4555205e+04
6.5661043e-02 5.4620178e+04
6.5437908e-02 5.4685488e+04
6.5213608e-02 5.4751133e+04
6.4988134e-02 5.4817107e+04
6.4761478e-02 5.4883410e+04
6.4533630e-02 5.4950037e+04
6.4304582e-02 5.5016988e+04
6.4074325e-02 5.5084259e+04
6.3842849e-02 5.5151850e+04
6.3610146e-02 5.5219760e+04
6.3376205e-02 5.5287989e+04
6.3141019e-02 5.5356535e+04
6.2904578e-02 5.5425401e+04
6.2666872e-02 5.5494585e+04
6.2427892e-02 5.5564090e+04
6.2187629e-02 5.5633915e+04
6.1946073e-02 5.5704061e+04
6.1703214e-02 5.5774531e+04
6.1459044e-02 5.5845326e+04
6.1213552e-02 5.5916447e+04
6.0966729e-02 5.5987895e+04
6.0718565e-02 5.6059674e+04
6.0469050e-02 5.6131783e+04
6.0218175e-02 5.6204226e+04
5.9965930e-02 5.6277004e+04
5.9712304e-02 5.6350120e+04
5.9457288e-02 5.6423575e+04
5.9200871e-02 5.6497371e+04
5.8943044e-02 5.6571511e+04
5.8683796e-02 5.6645997e+04
5.8423118e-02 5.6720831e+04
5.8160998e-02 5.6796016e+04
5.7897427e-02 5.6871552e+04
5.7632394e-02 5.6947444e+04
5.7365888e-02 5.7023693e+04
5.7097900e-02 5.7100301e+04
5.6828419e-02 5.7177271e+04
5.6557433e-02 5.7254606e+04
5.6284933e-02 5.7332307e+04
5.6010908e-02 5.7410377e+04
5.5735346e-02 5.7488819e+04
5.5458238e-02 5.7567634e+04
5.5179571e-02 5.7646827e+04
5.4899335e-02 5.7726398e+04
5.4617520e-02 5.7806350e+04
5.4334113e-02 5.7886687e+04
5.4049105e-02 5.7967410e+04
5.3762482e-02 5.8048522e+04
5.3474235e-02 5.8130026e+04
5.3184352e-02 5.8211924e+04
5.2892822e-02 5.8294219e+04
5.2599632e-02 5.8376913e+04
5.2304772e-02 5.8460010e+04
5.2008229e-02 5.8543511e+04
5.1709993e-02 5.8627420e+04
5.1410051e-02 5.8711739e+04
5.1108391e-02 5.8796471e+04
5.0805002e-02 5.8881619e+04
5.0499872e-02 5.8967185e+04
5.0192989e-02 5.9053173e+04
4.9884340e-02 5.9139584e+04
4.9573914e-02 5.9226422e+04
4.9261698e-02 5.9313690e+04
4.8947680e-02 5.9401391e+04
4.8631847e-02 5.9489527e+04
4.8314187e-02 5.9578102e+04
4.7994688e-02 5.9667117e+04
4.7673337e-02 5.9756577e+04
4.7350122e-02 5.9846484e+04
4.7025029e-02 5.9936841e+04
4.6698045e-02 6.0027651e+04
4.6369159e-02 6.0118917e+04
4.6038356e-02 6.0210642e+04
4.5705625e-02 6.0302829e+04
4.5370951e-02 6.0395482e+04
4.5034322e-02 6.0488605e+04
4.4695724e-02 6.0582200e+04
4.4355144e-02 6.0676271e+04
4.4012569e-02 6.0770823e+04
4.3667985e-02 6.0865858e+04
4.3321378e-02 6.0961380e+04
4.2972735e-02 6.1057392e+04
4.2622043e-02 6.1153898e+04
4.2269287e-02 6.1250897e+04
4.1914453e-02 6.1348393e+04
4.1557527e-02 6.1446385e+04
4.1198496e-02 6.1544873e+04
4.0837345e-02 6.1643855e+04
4.0474060e-02 6.1743329e+04
4.0108627e-02 6.1843293e+04
3.9741031e-02 6.1943744e+04
3.9371258e-02 6.2044682e+04
3.8999293e-02 6.2146106e+04
3.8625121e-02 6.2248016e+04
3.8248729e-02 6.2350416e+04
3.7870100e-02 6.2453311e+04
3.7489221e-02 6.2556708e+04
3.7106075e-02 6.2660619e+04
3.6720649e-02 6.2765055e+04
3.6332926e-02 6.2870030e+04
3.5942892e-02 6.2975561e+04
3.5550531e-02 6.3081663e+04
3.5155828e-02 6.3188355e+04
3.4758767e-02 6.3295653e+04
3.4359332e-02 6.3403574e+04
3.3957508e-02 6.3512136e+04
3.3553279e-02 6.3621353e+04
3.3146629e-02 6.3731241e+04
3.2737542e-02 6.3841813e+04
3.2326002e-02 6.3953082e+04
3.1911992e-02 6.4065060e+04
3.1495497e-02 6.4177759e+04
3.1076500e-02 6.4291189e+04
3.0654984e-02 6.4405361e+04
3.0230933e-02 6.4520283e+04
2.9804330e-02 6.4635966e+04
2.9375158e-02 6.4752418e+04
2.8943401e-02 6.4869647e+04
2.8509041e-02 6.4987662e+04
2.8072061e-02 6.5106472e+04
2.7632444e-02 6.5226084e+04
2.7190173e-02 6.5346506e+04
2.6745231e-02 6.5467747e+04
2.6297599e-02 6.5589814e+04
2.5847260e-02 6.5712715e+04
2.5394196e-02 6.5836459e+04
2.4938391e-02 6.5961053e+04
2.4479824e-02 6.6086505e+04
2.4018479e-02 6.6212823e+04
2.3554338e-02 6.6340016e+04
2.3087381e-02 6.6468093e+04
2.2617592e-02 6.6597061e+04
2.2144950e-02 6.6726929e+04
2.1669438e-02 6.6857706e+04
2.1191036e-02 6.6989402e+04
2.0709727e-02 6.7122025e+04
2.0225490e-02 6.7255584e+04
1.9738307e-02 6.7390090e+04
1.9248160e-02 6.7525552e+04
1.8755027e-02 6.7661981e+04
1.8258890e-02 6.7799386e+04
1.7759730e-02 6.7937780e+04
1.7257526e-02 6.8077172e+04
1.6752260e-02 6.8217574e+04
1.6243910e-02 6.8358999e+04
1.5732458e-02 6.8501458e+04
1.5217882e-02 6.8644964e+04
1.4700163e-02 6.8789532e+04
1.4179280e-02 6.8935174e+04
1.3655212e-02 6.9081904e+04
1.3127940e-02 6.9229739e+04
1.2597442e-02 6.9378694e+04
1.2063697e-02 6.9528786e+04
1.1526685e-02 6.9680031e+04
1.0986384e-02 6.9832449e+04
1.0442772e-02 6.9986058e+04
9.8958293e-03 7.0140879e+04
9.3455332e-03 7.0296933e+04
8.7918623e-03 7.0454242e+04
8.2347948e-03 7.0612831e+04
7.6743088e-03 7.0772726e+04
7.1103821e-03 7.0933952e+04
6.5429925e-03 7.1096538e+04
5.9721178e-03 7.1260515e+04
5.3977353e-03 7.1425915e+04
4.8198225e-03 7.1592771e+04
4.2383566e-03 7.1761120e+04
3.6533147e-03 7.1931001e+04
3.0646737e-03 7.2102454e+04
2.4724105e-03 7.2275522e+04
1.8765016e-03 7.2450252e+04
1.2769237e-03 7.2626692e+04
6.7365313e-04 7.2804893e+04
6.6666058e-05 7.2984909e+04
-5.4406139e-04 7.3166799e+04
-1.1585533e-03 7.3350621e+04
-1.7768338e-03 7.3536438e+04
-2.3989274e-03 7.3724317e+04
-3.0248585e-03 7.3914326e+04
-3.6546517e-03 7.4106536e+04
-4.2883320e-03 7.4301021e+04
-4.9259243e-03 7.4497858e+04
-5.5674536e-03 7.4697126e+04
-6.2129453e-03 7.4898904e+04
-6.8624248e-03 7.5103278e+04
-7.5159176e-03 7.5310330e+04
-8.1734497e-03 7.5520147e+04
-8.8350467e-03 7.5732817e+04
-9.5007349e-03 7.5948430e+04
-1.0170540e-02 7.6167074e+04
-1.0844490e-02 7.6388840e+04
-1.1522609e-02 7.6613821e+04
-1.2204926e-02 7.6842108e+04
-1.2891466e-02 7.7073794e+04
-1.3582257e-02 7.7308971e+04
-1.4277327e-02 7.7547731e+04
-1.4976702e-02 7.7790168e+04
-1.5680410e-02 7.8036373e+04
-1.6388479e-02 7.8286436e+04
-1.7100936e-02 7.8540450e+04
-1.7817811e-02 7.8798504e+04
-1.8539130e-02 7.9060684e+04
-1.9264923e-02 7.9327080e+04
-1.9995218e-02 7.9597774e+04
-2.0730044e-02 7.9872851e+04
-2.1469429e-02 8.0152389e+04
-2.2213404e-02 8.0436467e+04
-2.2961996e-02 8.0725159e+04
-2.3715237e-02 8.1018536e+04
-2.4473155e-02 8.1316664e+04
-2.5235780e-02 8.1619606e+04
-2.6003142e-02 8.1927421e+04
-2.6775272e-02 8.2240160e+04
-2.7552199e-02 8.2557872e+04
-2.8333956e-02 8.2880597e+04
-2.9120571e-02 8.3208372e+04
-2.9912078e-02 8.3541224e+04
-3.0708505e-02 8.3879176e+04
-3.1509886e-02 8.4222242e+04
-3.2316251e-02 8.4570428e+04
-3.3127632e-02 8.4923732e+04
-3.3944062e-02 8.5282144e+04
-3.4765572e-02 8.5645646e+04
-3.5592194e-02 8.6014209e+04
-3.6423962e-02 8.6387797e+04
-3.7260909e-02 8.6766361e+04
-3.8103066e-02 8.7149846e+04
-3.8950467e-02 8.7538183e+04
-3.9803147e-02 8.7931297e+04
-4.0661137e-02 8.8329098e+04
-4.1524473e-02 8.8731488e+04
-4.2393187e-02 8.9138357e+04
-4.3267315e-02 8.9549586e+04
-4.4146891e-02 8.9965042e+04
-4.5031949e-02 9.0384582e+04
-4.5922524e-02 9.0808053e+04
-4.6818652e-02 9.1235288e+04
-4.7720367e-02 9.1666111e+04
-4.8627705e-02 9.2100334e+04
-4.9540703e-02 9.2537758e+04
-5.0459395e-02 9.2978171e+04
-5.1383819e-02 9.3421353e+04
-5.2314010e-02 9.3867070e+04
-5.3250005e-02 9.4315080e+04
-5.4191841e-02 9.4765128e+04
-5.5139556e-02 9.5216952e+04
-5.6093186e-02 9.5670278e+04
-5.7052769e-02 9.6124821e+04
-5.8018342e-02 9.6580291e+04
-5.8989945e-02 9.7036386e+04
-5.9967615e-02 9.7492798e+04
-6.0951391e-02 9.7949210e+04
-6.1941311e-02 9.8405299e+04
-6.2937415e-02 9.8860736e+04
-6.3939742e-02 9.9315186e+04
-6.4948331e-02 9.9768309e+04
-6.5963221e-02 1.0021976e+05
-6.6984454e-02 1.0066920e+05
-6.8012069e-02 1.0111627e+05
-6.9046106e-02 1.0156063e+05
-7.0086608e-02 1.0200192e+05
-7.1133613e-02 1.0243980e+05
-7.2187164e-02 1.0287391e+05
-7.3247302e-02 1.0330391e+05
-7.4314070e-02 1.0372947e+05
-7.5387508e-02 1.0415024e+05
-7.6467659e-02 1.0456589e+05
-7.7554567e-02 1.0497609e+05
-7.8648273e-02 1.0538054e+05
-7.9748821e-02 1.0577893e+05
-8.0856254e-02 1.0617095e+05
-8.1970615e-02 1.0655633e+05
-8.3091950e-02 1.0693479e+05
-8.4220301e-02 1.0730607e+05
-8.5355713e-02 1.0766992e+05
-8.6498232e-02 1.0802611e+05
-8.7647901e-02 1.0837444e+05
-8.8804767e-02 1.0871470e+05
-8.9968875e-02 1.0904671e+05
-9.1140270e-02 1.0937031e+05
-9.2319000e-02 1.0968536e+05
-9.3505110e-02 1.0999174e+05
-9.4698647e-02 1.1028933e+05
-9.5899658e-02 1.1057807e+05
-9.7108190e-02 1.1085789e+05
-9.8324292e-02 1.1112873e+05
-9.9548011e-02 1.1139059e+05
-1.0077939e-01 1.1164345e+05
-1.0201849e-01 1.1188734e+05
-1.0326535e-01 1.1212230e+05
-1.0452002e-01 1.1234840e+05
-1.0578256e-01 1.1256570e+05
-1.0705300e-01 1.1277430e+05
-1.0833141e-01 1.1297432e+05
-1.0961782e-01 1.1316589e+05
-1.1091230e-01 1.1334914e+05
-1.1221489e-01 1.1352423e+05
-1.1352565e-01 1.1369134e+05
-1.1484462e-01 1.1385065e+05
-1.1617186e-01 1.1400235e+05
-1.1750741e-01 1.1414666e+05
-1.1885135e-01 1.1428377e+05
-1.2020370e-01 1.1441393e+05
-1.2156454e-01 1.1453734e+05
-1.2293391e-01 1.1465426e+05
-1.2431187e-01 1.1476492e+05
-1.2569846e-01 1.1486955e+05
-1.2709376e-01 1.1496840e+05
-1.2849780e-01 1.1506171e+05
-1.2991065e-01 1.1514972e+05
-1.3133236e-01 1.1523268e+05
-1.3276299e-01 1.1531082e+05
-1.3420259e-01 1.1538438e+05
-1.3565122e-01 1.1545359e+05
-1.3710894e-01 1.1551868e+05
-1.3857580e-01 1.1557986e+05
-1.4005187e-01 1.1563736e+05
-1.4153720e-01 1.1569139e+05
-1.4303185e-01 1.1574215e+05
-1.4453588e-01 1.1578983e+05
-1.4604934e-01 1.1583464e+05
-1.4757230e-01 1.1587674e+05
-1.4910482e-01 1.1591633e+05
-1.5064696e-01 1.1595357e+05
-1.5219878e-01 1.1598863e+05
-1.5376033e-01 1.1602165e+05
-1.5533169e-01 1.1605280e+05
-1.5691291e-01 1.1608221e+05
-1.5850405e-01 1.1611003e+05
-1.6010519e-01 1.1613639e+05
-1.6171637e-01 1.1616142e+05
-1.6333767e-01 1.1618523e+05
-1.6496915e-01 1.1620796e+05
-1.6661087e-01 1.1622970e+05
-1.6826290e-01 1.1625055e+05
-1.6992530e-01 1.1627058e+05
-1.7159813e-01 1.1628920e+05
-1.7328148e-01 1.1630503e+05
-1.7497539e-01 1.1629413e+05
-1.7667994e-01 1.1643396e+05
-1.7839519e-01 1.1659170e+05
